%YAML:1.0
calibration_time: "Sun Aug 19 16:54:16 2012"
nframes: 10
image_width: 1920
image_height: 1080
board_width: 6
board_height: 9
square_size: 2.5999999046325684e+00
flags: 0
camera_matrix: !!opencv-matrix
   rows: 3
   cols: 3
   dt: d
   data: [ 1.4373420165339755e+03, 0., 9.3709383911274404e+02, 0.,
       1.4422410536034633e+03, 5.6064957783169575e+02, 0., 0., 1. ]
distortion_coefficients: !!opencv-matrix
   rows: 5
   cols: 1
   dt: d
   data: [ -7.6253919082546487e-02, 3.6062568105460946e-01,
       6.7433505483905296e-03, 5.1709789097442067e-03,
       -6.5393764851488068e-01 ]
avg_reprojection_error: 1.4383517646560149e+00
per_view_reprojection_errors: !!opencv-matrix
   rows: 10
   cols: 1
   dt: f
   data: [ 1.31224787e+00, 9.57561195e-01, 1.11204898e+00,
       1.43569660e+00, 1.47213030e+00, 1.79493856e+00, 1.54217947e+00,
       1.81872010e+00, 1.29772818e+00, 1.41160595e+00 ]
# a set of 6-tuples (rotation vector + translation vector) for each view
extrinsic_parameters: !!opencv-matrix
   rows: 10
   cols: 6
   dt: d
   data: [ -2.0963555653797314e-01, 2.0928118199164633e-01,
       1.6007945062503013e+00, 1.7508894818032005e+01,
       -5.0420633687588694e+00, 3.4328054646021172e+01,
       -9.1364642347359096e-02, 2.9153746574112686e-02,
       1.6296246776043324e+00, 4.6968743085826432e+00,
       -4.4299929443060524e+00, 3.4360040877457457e+01,
       -8.4590338319368533e-02, 4.8396846279319998e-02,
       1.5574821887690797e+00, 2.1134037423762391e+00,
       -8.7695415755772359e+00, 3.5106016182557198e+01,
       4.8298887846479691e-02, 4.0753604493965434e-01,
       1.5082834900230628e+00, 1.2586702101806480e+01,
       -8.2266510072466144e+00, 2.9472186370127215e+01,
       7.7466082452918930e-02, 3.9615101522623575e-01,
       1.4813485260600430e+00, 1.1617069492464587e+01,
       -7.4719157187205072e+00, 2.7845215061675113e+01,
       1.2654700917403774e-01, 4.3991126642447526e-01,
       1.4300666103606274e+00, 6.1697985983072252e+00,
       -7.2248751955982176e+00, 2.8604746130238908e+01,
       2.4978864099686141e-01, -2.4552302247362941e-02,
       1.5327536644952875e+00, 2.9098446528846327e+00,
       -8.4217788843125962e+00, 3.0163690426777329e+01,
       -1.4597677169902384e-01, 3.4884998599091604e-01,
       1.5362668209595653e+00, 1.3055286769376035e+01,
       -6.0132945638433606e+00, 3.3277296071107060e+01,
       -7.7782122884362218e-02, 1.5325473548101282e-01,
       1.6577206028183638e+00, 7.0126942373528030e+00,
       -5.8664727265735754e+00, 3.3896306517017216e+01,
       -4.5471620068576558e-02, 1.1537333214347786e-01,
       1.5668854272394750e+00, 5.9175046926191133e+00,
       -7.7086138052359736e+00, 3.4462535560000020e+01 ]
image_points: !!opencv-matrix
   rows: 10
   cols: 54
   dt: "2f"
   data: [ 1.66761023e+03, 3.52638123e+02, 1.68176697e+03,
       4.53280579e+02, 1.69290955e+03, 5.60859680e+02, 1.70365808e+03,
       6.74249390e+02, 1.71480554e+03, 7.91748840e+02, 1.72579773e+03,
       9.14366699e+02, 1.55884839e+03, 3.48344574e+02, 1.57041040e+03,
       4.48527954e+02, 1.58014368e+03, 5.55469971e+02, 1.58984253e+03,
       6.68382629e+02, 1.59761755e+03, 7.86291626e+02, 1.60637122e+03,
       9.09078003e+02, 1.45027136e+03, 3.43816223e+02, 1.45796191e+03,
       4.44524414e+02, 1.46678101e+03, 5.49830017e+02, 1.47359790e+03,
       6.62658936e+02, 1.48080676e+03, 7.80303345e+02, 1.48818835e+03,
       9.03370239e+02, 1.34127954e+03, 3.39063843e+02, 1.34610486e+03,
       4.40265472e+02, 1.35169666e+03, 5.45427490e+02, 1.35586719e+03,
       6.58012878e+02, 1.36059033e+03, 7.74990051e+02, 1.36615137e+03,
       8.97569275e+02, 1.23344592e+03, 3.34017059e+02, 1.23507043e+03,
       4.36152344e+02, 1.23856360e+03, 5.40171448e+02, 1.23978125e+03,
       6.53181152e+02, 1.24195874e+03, 7.69815430e+02, 1.24373608e+03,
       8.92031189e+02, 1.12559167e+03, 3.29076721e+02, 1.12486047e+03,
       4.32006134e+02, 1.12544409e+03, 5.35627747e+02, 1.12477637e+03,
       6.47859680e+02, 1.12375012e+03, 7.65045959e+02, 1.12322046e+03,
       8.86645996e+02, 1.01706226e+03, 3.24433655e+02, 1.01419476e+03,
       4.27465149e+02, 1.01157074e+03, 5.31079956e+02, 1.00834351e+03,
       6.43482910e+02, 1.00495898e+03, 7.60287842e+02, 1.00154462e+03,
       8.81674133e+02, 9.09590271e+02, 3.20002869e+02, 9.04409790e+02,
       4.23087830e+02, 8.99086792e+02, 5.26594727e+02, 8.93484985e+02,
       6.38584900e+02, 8.88169556e+02, 7.55285339e+02, 8.82402344e+02,
       8.76214661e+02, 8.02215149e+02, 3.15830750e+02, 7.94921814e+02,
       4.18647339e+02, 7.86502197e+02, 5.22196350e+02, 7.78807495e+02,
       6.34289429e+02, 7.70993958e+02, 7.50384277e+02, 7.62746094e+02,
       8.71176392e+02, 1.13247180e+03, 3.75372925e+02, 1.12871350e+03,
       4.81928101e+02, 1.12370374e+03, 5.91633118e+02, 1.11820569e+03,
       7.03401062e+02, 1.11269751e+03, 8.15859314e+02, 1.10698279e+03,
       9.29654236e+02, 1.02474927e+03, 3.68671997e+02, 1.01986847e+03,
       4.75511597e+02, 1.01423926e+03, 5.84892334e+02, 1.00843909e+03,
       6.96863403e+02, 1.00215216e+03, 8.09650269e+02, 9.95680298e+02,
       9.23479126e+02, 9.16656372e+02, 3.62155548e+02, 9.10347412e+02,
       4.69153961e+02, 9.03941406e+02, 5.78283142e+02, 8.97318054e+02,
       6.90396667e+02, 8.90562317e+02, 8.03678223e+02, 8.83758972e+02,
       9.18421570e+02, 8.07627319e+02, 3.55355865e+02, 8.00265869e+02,
       4.62615295e+02, 7.92725525e+02, 5.71591858e+02, 7.85640503e+02,
       6.83634583e+02, 7.78323242e+02, 7.96882385e+02, 7.70584045e+02,
       9.12048767e+02, 6.98983826e+02, 3.48552795e+02, 6.91184570e+02,
       4.56435974e+02, 6.82030701e+02, 5.65047424e+02, 6.74494019e+02,
       6.76962524e+02, 6.66448669e+02, 7.90264343e+02, 6.58426147e+02,
       9.04886963e+02, 5.90100525e+02, 3.41849426e+02, 5.82005493e+02,
       4.50208466e+02, 5.71397949e+02, 5.58544678e+02, 5.62651917e+02,
       6.70608032e+02, 5.54562073e+02, 7.83664734e+02, 5.45794067e+02,
       8.98410156e+02, 4.79820679e+02, 3.35291870e+02, 4.71707642e+02,
       4.43789398e+02, 4.59483490e+02, 5.52328186e+02, 4.50558563e+02,
       6.64344849e+02, 4.41809723e+02, 7.77344543e+02, 4.32327393e+02,
       8.91902771e+02, 3.70623077e+02, 3.28333710e+02, 3.61954132e+02,
       4.37317810e+02, 3.48941101e+02, 5.45902222e+02, 3.38805328e+02,
       6.57972473e+02, 3.30119293e+02, 7.70900513e+02, 3.19292755e+02,
       8.85516113e+02, 2.60804047e+02, 3.21710541e+02, 2.51567764e+02,
       4.30648254e+02, 2.37000076e+02, 5.39450867e+02, 2.27329727e+02,
       6.51646057e+02, 2.17284332e+02, 7.64620789e+02, 2.06947449e+02,
       8.79120422e+02, 1.02311902e+03, 2.03438446e+02, 1.02558435e+03,
       3.04970520e+02, 1.02769275e+03, 4.10614838e+02, 1.02959106e+03,
       5.18767822e+02, 1.03156885e+03, 6.28174561e+02, 1.03358679e+03,
       7.38999878e+02, 9.17791199e+02, 2.05048965e+02, 9.18954712e+02,
       3.06410187e+02, 9.20143616e+02, 4.11619843e+02, 9.21516602e+02,
       5.19648987e+02, 9.22619568e+02, 6.29488037e+02, 9.24110596e+02,
       7.40458374e+02, 8.12361877e+02, 2.06460281e+02, 8.12236145e+02,
       3.08513153e+02, 8.12123169e+02, 4.12584412e+02, 8.12443665e+02,
       5.20881714e+02, 8.13063416e+02, 6.30522278e+02, 8.13728577e+02,
       7.42036255e+02, 7.06271179e+02, 2.07709167e+02, 7.05328064e+02,
       3.10361542e+02, 7.04065430e+02, 4.14508698e+02, 7.03762146e+02,
       5.22569397e+02, 7.03495300e+02, 6.32109131e+02, 7.03065369e+02,
       7.43467163e+02, 6.00519714e+02, 2.08685333e+02, 5.99416443e+02,
       3.12465149e+02, 5.96250183e+02, 4.15880829e+02, 5.95829651e+02,
       5.24254211e+02, 5.94668030e+02, 6.33533875e+02, 5.93965759e+02,
       7.44560364e+02, 4.94634491e+02, 2.09968369e+02, 4.93552948e+02,
       3.14348877e+02, 4.88960785e+02, 4.17701996e+02, 4.87200562e+02,
       5.25661621e+02, 4.86386871e+02, 6.35321777e+02, 4.84709290e+02,
       7.46162537e+02, 3.87954651e+02, 2.11192871e+02, 3.86657471e+02,
